      Energy	InelasticMFP
        (eV)	        (nm)
7.852356e+00	9.599343e+05
7.943282e+00	2.685259e+05
8.035261e+00	2.151556e+05
8.128305e+00	2.070595e+05
8.222426e+00	2.047160e+05
8.317638e+00	2.041925e+05
8.413951e+00	2.045245e+05
8.511380e+00	2.053354e+05
8.609938e+00	2.064442e+05
8.709636e+00	2.077491e+05
8.810489e+00	2.091837e+05
8.912509e+00	2.106961e+05
9.015711e+00	2.121961e+05
9.120108e+00	2.125066e+05
9.225714e+00	2.081787e+05
9.332543e+00	1.901769e+05
9.440609e+00	1.457891e+05
9.549926e+00	8.746747e+04
9.660509e+00	5.070733e+04
9.772372e+00	3.162690e+04
9.885531e+00	2.117323e+04
1.000000e+01	1.489959e+04
1.011579e+01	1.091461e+04
1.023293e+01	8.248365e+03
1.035142e+01	6.398046e+03
1.047129e+01	5.060916e+03
1.059254e+01	4.077630e+03
1.071519e+01	3.330226e+03
1.083927e+01	2.755026e+03
1.096478e+01	2.303341e+03
1.109175e+01	1.942964e+03
1.122018e+01	1.651747e+03
1.135011e+01	1.413966e+03
1.148154e+01	1.217338e+03
1.161449e+01	1.048182e+03
1.174898e+01	8.960250e+02
1.188502e+01	7.575998e+02
1.202264e+01	6.330937e+02
1.216186e+01	5.217468e+02
1.230269e+01	4.290390e+02
1.244515e+01	3.557341e+02
1.258925e+01	2.978383e+02
1.273503e+01	2.526923e+02
1.288250e+01	2.170946e+02
1.303167e+01	1.888735e+02
1.318257e+01	1.663852e+02
1.333521e+01	1.482413e+02
1.348963e+01	1.332979e+02
1.364583e+01	1.206497e+02
1.380384e+01	1.097197e+02
1.396368e+01	1.001245e+02
1.412538e+01	9.156241e+01
1.428894e+01	8.387436e+01
1.445440e+01	7.692725e+01
1.462177e+01	7.062048e+01
1.479108e+01	6.490656e+01
1.496236e+01	5.979021e+01
1.513561e+01	5.518370e+01
1.531087e+01	5.108658e+01
1.548817e+01	4.743983e+01
1.566751e+01	4.416664e+01
1.584893e+01	4.122363e+01
1.603245e+01	3.858991e+01
1.621810e+01	3.619885e+01
1.640590e+01	3.403126e+01
1.659587e+01	3.206481e+01
1.678804e+01	3.025352e+01
1.698244e+01	2.860687e+01
1.717908e+01	2.707727e+01
1.737801e+01	2.567840e+01
1.757924e+01	2.437469e+01
1.778279e+01	2.317547e+01
1.798871e+01	2.205200e+01
1.819701e+01	2.101619e+01
1.840772e+01	2.003877e+01
1.862087e+01	1.913394e+01
1.883649e+01	1.828100e+01
1.905461e+01	1.748405e+01
1.927525e+01	1.673659e+01
1.949845e+01	1.602921e+01
1.972423e+01	1.536663e+01
1.995262e+01	1.473522e+01
2.018366e+01	1.413765e+01
2.041738e+01	1.357369e+01
2.065380e+01	1.303075e+01
2.089296e+01	1.251600e+01
2.113489e+01	1.202765e+01
2.137962e+01	1.155577e+01
2.162719e+01	1.110635e+01
2.187762e+01	1.067842e+01
2.213095e+01	1.026595e+01
2.238721e+01	9.869910e+00
2.264644e+01	9.491882e+00
2.290868e+01	9.130587e+00
2.317395e+01	8.778903e+00
2.344229e+01	8.441863e+00
2.371374e+01	8.118305e+00
2.398833e+01	7.807046e+00
2.426610e+01	7.502624e+00
2.454709e+01	7.209580e+00
2.483133e+01	6.927077e+00
2.511886e+01	6.654091e+00
2.540973e+01	6.387000e+00
2.570396e+01	6.126265e+00
2.600160e+01	5.873155e+00
2.630268e+01	5.627231e+00
2.660725e+01	5.388160e+00
2.691535e+01	5.153313e+00
2.722701e+01	4.923603e+00
2.754229e+01	4.700388e+00
2.786121e+01	4.483186e+00
2.818383e+01	4.271550e+00
2.851018e+01	4.065187e+00
2.884032e+01	3.860866e+00
2.917427e+01	3.661434e+00
2.951209e+01	3.467315e+00
2.985383e+01	3.278607e+00
3.019952e+01	3.095451e+00
3.054921e+01	2.918121e+00
3.090295e+01	2.746344e+00
3.126079e+01	2.579091e+00
3.162278e+01	2.418805e+00
3.198895e+01	2.265622e+00
3.235937e+01	2.119610e+00
3.273407e+01	1.980778e+00
3.311311e+01	1.849083e+00
3.349654e+01	1.724435e+00
3.388442e+01	1.606319e+00
3.427678e+01	1.494283e+00
3.467369e+01	1.390540e+00
3.507519e+01	1.295314e+00
3.548134e+01	1.208404e+00
3.589219e+01	1.129360e+00
3.630781e+01	1.057609e+00
3.672823e+01	9.925248e-01
3.715352e+01	9.334834e-01
3.758374e+01	8.798856e-01
3.801894e+01	8.310874e-01
3.845918e+01	7.869094e-01
3.890451e+01	7.472623e-01
3.935501e+01	7.117466e-01
3.981072e+01	6.799422e-01
4.027170e+01	6.514430e-01
4.073803e+01	6.258730e-01
4.120975e+01	6.028927e-01
4.168694e+01	5.822009e-01
4.216965e+01	5.635267e-01
4.265795e+01	5.466311e-01
4.315191e+01	5.313082e-01
4.365158e+01	5.173810e-01
4.415704e+01	5.046928e-01
4.466836e+01	4.931084e-01
4.518559e+01	4.825225e-01
4.570882e+01	4.728339e-01
4.623810e+01	4.639541e-01
4.677351e+01	4.558056e-01
4.731513e+01	4.483200e-01
4.786301e+01	4.414373e-01
4.841724e+01	4.351040e-01
4.897788e+01	4.292730e-01
4.954502e+01	4.239022e-01
5.011872e+01	4.189540e-01
5.069907e+01	4.143949e-01
5.128614e+01	4.101948e-01
5.188000e+01	4.063267e-01
5.248075e+01	4.027657e-01
5.308844e+01	3.994885e-01
5.370318e+01	3.964740e-01
5.432503e+01	3.937036e-01
5.495409e+01	3.911602e-01
5.559043e+01	3.888284e-01
5.623413e+01	3.866953e-01
5.688529e+01	3.847484e-01
5.754399e+01	3.829765e-01
5.821032e+01	3.813599e-01
5.888437e+01	3.798987e-01
5.956621e+01	3.785843e-01
6.025596e+01	3.774090e-01
6.095369e+01	3.763582e-01
6.165950e+01	3.754404e-01
6.237348e+01	3.746419e-01
6.309573e+01	3.739567e-01
6.382635e+01	3.733797e-01
6.456542e+01	3.729058e-01
6.531306e+01	3.725305e-01
6.606934e+01	3.722443e-01
6.683439e+01	3.720542e-01
6.760830e+01	3.719510e-01
6.839116e+01	3.719315e-01
6.918310e+01	3.719925e-01
6.998420e+01	3.721312e-01
7.079458e+01	3.723448e-01
7.161434e+01	3.726310e-01
7.244360e+01	3.729837e-01
7.328245e+01	3.734081e-01
7.413102e+01	3.738985e-01
7.498942e+01	3.744529e-01
7.585776e+01	3.750697e-01
7.673615e+01	3.757471e-01
7.762471e+01	3.764836e-01
7.852356e+01	3.772777e-01
7.943282e+01	3.781281e-01
8.035261e+01	3.790311e-01
8.128305e+01	3.799904e-01
8.222426e+01	3.810024e-01
8.317638e+01	3.820660e-01
8.413951e+01	3.831803e-01
8.511380e+01	3.843444e-01
8.609938e+01	3.855576e-01
8.709636e+01	3.868189e-01
8.810489e+01	3.881278e-01
8.912509e+01	3.894817e-01
9.015711e+01	3.908834e-01
9.120108e+01	3.923307e-01
9.225714e+01	3.938229e-01
9.332543e+01	3.953596e-01
9.440609e+01	3.969401e-01
9.549926e+01	3.985642e-01
9.660509e+01	4.002313e-01
9.772372e+01	4.019410e-01
9.885531e+01	4.036930e-01
1.000000e+02	4.054870e-01
1.023293e+02	4.092080e-01
1.047129e+02	4.131124e-01
1.071519e+02	4.171928e-01
1.096478e+02	4.214435e-01
1.122018e+02	4.258155e-01
1.148154e+02	4.303429e-01
1.174898e+02	4.349857e-01
1.202264e+02	4.398193e-01
1.230269e+02	4.448046e-01
1.258925e+02	4.499410e-01
1.288250e+02	4.552281e-01
1.318257e+02	4.606658e-01
1.348963e+02	4.662543e-01
1.380384e+02	4.719938e-01
1.412538e+02	4.778847e-01
1.445440e+02	4.839277e-01
1.479108e+02	4.901235e-01
1.513561e+02	4.964730e-01
1.548817e+02	5.029772e-01
1.584893e+02	5.096373e-01
1.621810e+02	5.164550e-01
1.659587e+02	5.234326e-01
1.698244e+02	5.305718e-01
1.737801e+02	5.378748e-01
1.778279e+02	5.453210e-01
1.819701e+02	5.529582e-01
1.862087e+02	5.607655e-01
1.905461e+02	5.687453e-01
1.949845e+02	5.769001e-01
1.995262e+02	5.852324e-01
2.041738e+02	5.937449e-01
2.089296e+02	6.024403e-01
2.137962e+02	6.113216e-01
2.187762e+02	6.203919e-01
2.238721e+02	6.296544e-01
2.290868e+02	6.391123e-01
2.344229e+02	6.487688e-01
2.398833e+02	6.586274e-01
2.454709e+02	6.686916e-01
2.511886e+02	6.789649e-01
2.570396e+02	6.894509e-01
2.630268e+02	7.001535e-01
2.691535e+02	7.110765e-01
2.754229e+02	7.222238e-01
2.818383e+02	7.335996e-01
2.884032e+02	7.452080e-01
2.951209e+02	7.570531e-01
3.019952e+02	7.691393e-01
3.090295e+02	7.814711e-01
3.162278e+02	7.940530e-01
3.235937e+02	8.068895e-01
3.311311e+02	8.199854e-01
3.388442e+02	8.333455e-01
3.467369e+02	8.469712e-01
3.548134e+02	8.608748e-01
3.630781e+02	8.750577e-01
3.715352e+02	8.895251e-01
3.801894e+02	9.042825e-01
3.890451e+02	9.193353e-01
3.981072e+02	9.346890e-01
4.073803e+02	9.503495e-01
4.168694e+02	9.663225e-01
4.265795e+02	9.826141e-01
4.365158e+02	9.992302e-01
4.466836e+02	1.016177e+00
4.570882e+02	1.033461e+00
4.677351e+02	1.051089e+00
4.786301e+02	1.069067e+00
4.897788e+02	1.087402e+00
5.011872e+02	1.106100e+00
5.128614e+02	1.125170e+00
5.248075e+02	1.144618e+00
5.370318e+02	1.164451e+00
5.495409e+02	1.184677e+00
5.623413e+02	1.205304e+00
5.754399e+02	1.226339e+00
5.888437e+02	1.247790e+00
6.025596e+02	1.269665e+00
6.165950e+02	1.291974e+00
6.309573e+02	1.314723e+00
6.456542e+02	1.337922e+00
6.606934e+02	1.361580e+00
6.760830e+02	1.385706e+00
6.918310e+02	1.410308e+00
7.079458e+02	1.435396e+00
7.244360e+02	1.460980e+00
7.413102e+02	1.487069e+00
7.585776e+02	1.513674e+00
7.762471e+02	1.540804e+00
7.943282e+02	1.568469e+00
8.128305e+02	1.596681e+00
8.317638e+02	1.625451e+00
8.511380e+02	1.654788e+00
8.709636e+02	1.684705e+00
8.912509e+02	1.715212e+00
9.120108e+02	1.746322e+00
9.332543e+02	1.778046e+00
9.549926e+02	1.810397e+00
9.772372e+02	1.843386e+00
1.000000e+03	1.877027e+00
1.023293e+03	1.911332e+00
1.047129e+03	1.946315e+00
1.071519e+03	1.981989e+00
1.096478e+03	2.018368e+00
1.122018e+03	2.055465e+00
1.148154e+03	2.093295e+00
1.174898e+03	2.131872e+00
1.202264e+03	2.171211e+00
1.230269e+03	2.211328e+00
1.258925e+03	2.252238e+00
1.288250e+03	2.293956e+00
1.318257e+03	2.336498e+00
1.348963e+03	2.379882e+00
1.380384e+03	2.424122e+00
1.412538e+03	2.469238e+00
1.445440e+03	2.515245e+00
1.479108e+03	2.562162e+00
1.513561e+03	2.610006e+00
1.548817e+03	2.658797e+00
1.584893e+03	2.708552e+00
1.621810e+03	2.759292e+00
1.659587e+03	2.811035e+00
1.698244e+03	2.863801e+00
1.737801e+03	2.917611e+00
1.778279e+03	2.972485e+00
1.819701e+03	3.028445e+00
1.862087e+03	3.085511e+00
1.905461e+03	3.143706e+00
1.949845e+03	3.203051e+00
1.995262e+03	3.263568e+00
2.041738e+03	3.325282e+00
2.089296e+03	3.388216e+00
2.137962e+03	3.452394e+00
2.187762e+03	3.517841e+00
2.238721e+03	3.584582e+00
2.290868e+03	3.652642e+00
2.344229e+03	3.722048e+00
2.398833e+03	3.792827e+00
2.454709e+03	3.865004e+00
2.511886e+03	3.938609e+00
2.570396e+03	4.013669e+00
2.630268e+03	4.090213e+00
2.691535e+03	4.168270e+00
2.754229e+03	4.247870e+00
2.818383e+03	4.329043e+00
2.884032e+03	4.411821e+00
2.951209e+03	4.496234e+00
3.019952e+03	4.582316e+00
3.090295e+03	4.670099e+00
3.162278e+03	4.759615e+00
3.235937e+03	4.850900e+00
3.311311e+03	4.943988e+00
3.388442e+03	5.038914e+00
3.467369e+03	5.135714e+00
3.548134e+03	5.234424e+00
3.630781e+03	5.335083e+00
3.715352e+03	5.437728e+00
3.801894e+03	5.542397e+00
3.890451e+03	5.649130e+00
3.981072e+03	5.757968e+00
4.073803e+03	5.868951e+00
4.168694e+03	5.982120e+00
4.265795e+03	6.097519e+00
4.365158e+03	6.215190e+00
4.466836e+03	6.335176e+00
4.570882e+03	6.457524e+00
4.677351e+03	6.582278e+00
4.786301e+03	6.709485e+00
4.897788e+03	6.839191e+00
5.011872e+03	6.971446e+00
5.128614e+03	7.106297e+00
5.248075e+03	7.243794e+00
5.370318e+03	7.383988e+00
5.495409e+03	7.526931e+00
5.623413e+03	7.672674e+00
5.754399e+03	7.821271e+00
5.888437e+03	7.972775e+00
6.025596e+03	8.127244e+00
6.165950e+03	8.284731e+00
6.309573e+03	8.445294e+00
6.456542e+03	8.608991e+00
6.606934e+03	8.775881e+00
6.760830e+03	8.946023e+00
6.918310e+03	9.119479e+00
7.079458e+03	9.296311e+00
7.244360e+03	9.476580e+00
7.413102e+03	9.660352e+00
7.585776e+03	9.847690e+00
7.762471e+03	1.003866e+01
7.943282e+03	1.023333e+01
8.128305e+03	1.043177e+01
8.317638e+03	1.063405e+01
8.511380e+03	1.084023e+01
8.709636e+03	1.105039e+01
8.912509e+03	1.126460e+01
9.120108e+03	1.148293e+01
9.332543e+03	1.170547e+01
9.549926e+03	1.193227e+01
9.772372e+03	1.216343e+01
1.000000e+04	1.239901e+01
1.023293e+04	1.263911e+01
1.047129e+04	1.288378e+01
1.071519e+04	1.313313e+01
1.096478e+04	1.338722e+01
1.122018e+04	1.364615e+01
1.148154e+04	1.391000e+01
1.174898e+04	1.417884e+01
1.202264e+04	1.445278e+01
1.230269e+04	1.473189e+01
1.258925e+04	1.501627e+01
1.288250e+04	1.530601e+01
1.318257e+04	1.560119e+01
1.348963e+04	1.590191e+01
1.380384e+04	1.620826e+01
1.412538e+04	1.652033e+01
1.445440e+04	1.683823e+01
1.479108e+04	1.716204e+01
1.513561e+04	1.749186e+01
1.548817e+04	1.782779e+01
1.584893e+04	1.816994e+01
1.621810e+04	1.851839e+01
1.659587e+04	1.887325e+01
1.698244e+04	1.923463e+01
1.737801e+04	1.960262e+01
1.778279e+04	1.997733e+01
1.819701e+04	2.035886e+01
1.862087e+04	2.074732e+01
1.905461e+04	2.114281e+01
1.949845e+04	2.154544e+01
1.995262e+04	2.195531e+01
2.041738e+04	2.237254e+01
2.089296e+04	2.279723e+01
2.137962e+04	2.322949e+01
2.187762e+04	2.366943e+01
2.238721e+04	2.411716e+01
2.290868e+04	2.457279e+01
2.344229e+04	2.503642e+01
2.398833e+04	2.550818e+01
2.454709e+04	2.598816e+01
2.511886e+04	2.647648e+01
2.570396e+04	2.697325e+01
2.630268e+04	2.747859e+01
2.691535e+04	2.799259e+01
2.754229e+04	2.851538e+01
2.818383e+04	2.904705e+01
2.884032e+04	2.958773e+01
2.951209e+04	3.013751e+01
3.019952e+04	3.069651e+01
3.090295e+04	3.126484e+01
3.162278e+04	3.184259e+01
3.235937e+04	3.242988e+01
3.311311e+04	3.302682e+01
3.388442e+04	3.363349e+01
3.467369e+04	3.425001e+01
3.548134e+04	3.487648e+01
3.630781e+04	3.551299e+01
3.715352e+04	3.615964e+01
3.801894e+04	3.681653e+01
3.890451e+04	3.748375e+01
3.981072e+04	3.816139e+01
4.073803e+04	3.884954e+01
4.168694e+04	3.954829e+01
4.265795e+04	4.025772e+01
4.365158e+04	4.097791e+01
4.466836e+04	4.170894e+01
4.570882e+04	4.245088e+01
4.677351e+04	4.320380e+01
4.786301e+04	4.396777e+01
4.897788e+04	4.474286e+01
5.011872e+04	4.552913e+01
5.128614e+04	4.632662e+01
5.248075e+04	4.713539e+01
5.370318e+04	4.795550e+01
5.495409e+04	4.878697e+01
5.623413e+04	4.962985e+01
5.754399e+04	5.048417e+01
5.888437e+04	5.134995e+01
6.025596e+04	5.222721e+01
6.165950e+04	5.311598e+01
6.309573e+04	5.401625e+01
6.456542e+04	5.492803e+01
6.606934e+04	5.585132e+01
6.760830e+04	5.678610e+01
6.918310e+04	5.773235e+01
7.079458e+04	5.869006e+01
7.244360e+04	5.965918e+01
7.413102e+04	6.063968e+01
7.585776e+04	6.163150e+01
7.762471e+04	6.263459e+01
7.943282e+04	6.364889e+01
8.128305e+04	6.467432e+01
8.317638e+04	6.571080e+01
8.511380e+04	6.675823e+01
8.709636e+04	6.781651e+01
8.912509e+04	6.888555e+01
9.120108e+04	6.996520e+01
9.332543e+04	7.105535e+01
9.549926e+04	7.215585e+01
9.772372e+04	7.326656e+01
1.000000e+05	7.438731e+01
1.023293e+05	7.551793e+01
1.047129e+05	7.665824e+01
1.071519e+05	7.780805e+01
1.096478e+05	7.896716e+01
1.122018e+05	8.013535e+01
1.148154e+05	8.131240e+01
1.174898e+05	8.249807e+01
1.202264e+05	8.369211e+01
1.230269e+05	8.489427e+01
1.258925e+05	8.610427e+01
1.288250e+05	8.732184e+01
1.318257e+05	8.854669e+01
1.348963e+05	8.977850e+01
1.380384e+05	9.101697e+01
1.412538e+05	9.226178e+01
1.445440e+05	9.351258e+01
1.479108e+05	9.476903e+01
1.513561e+05	9.603077e+01
1.548817e+05	9.729744e+01
1.584893e+05	9.856865e+01
1.621810e+05	9.984402e+01
1.659587e+05	1.011232e+02
1.698244e+05	1.024056e+02
1.737801e+05	1.036911e+02
1.778279e+05	1.049790e+02
1.819701e+05	1.062690e+02
1.862087e+05	1.075607e+02
1.905461e+05	1.088535e+02
1.949845e+05	1.101471e+02
1.995262e+05	1.114409e+02
2.041738e+05	1.127345e+02
2.089296e+05	1.140275e+02
2.137962e+05	1.153192e+02
2.187762e+05	1.166094e+02
2.238721e+05	1.178973e+02
2.290868e+05	1.191826e+02
2.344229e+05	1.204648e+02
2.398833e+05	1.217434e+02
2.454709e+05	1.230177e+02
2.511886e+05	1.242875e+02
2.570396e+05	1.255520e+02
2.630268e+05	1.268109e+02
2.691535e+05	1.280636e+02
2.754229e+05	1.293097e+02
2.818383e+05	1.305485e+02
2.884032e+05	1.317797e+02
2.951209e+05	1.330027e+02
3.019952e+05	1.342170e+02
3.090295e+05	1.354221e+02
3.162278e+05	1.366176e+02
3.235937e+05	1.378029e+02
3.311311e+05	1.389777e+02
3.388442e+05	1.401413e+02
3.467369e+05	1.412935e+02
3.548134e+05	1.424337e+02
3.630781e+05	1.435615e+02
3.715352e+05	1.446764e+02
3.801894e+05	1.457781e+02
3.890451e+05	1.468661e+02
3.981072e+05	1.479400e+02
4.073803e+05	1.489996e+02
4.168694e+05	1.500443e+02
4.265795e+05	1.510738e+02
4.365158e+05	1.520879e+02
4.466836e+05	1.530860e+02
4.570882e+05	1.540681e+02
4.677351e+05	1.550337e+02
4.786301e+05	1.559825e+02
4.897788e+05	1.569144e+02
5.011872e+05	1.578290e+02
5.128614e+05	1.587261e+02
5.248075e+05	1.596055e+02
5.370318e+05	1.604670e+02
5.495409e+05	1.613104e+02
5.623413e+05	1.621355e+02
5.754399e+05	1.629422e+02
5.888437e+05	1.637304e+02
6.025596e+05	1.644998e+02
6.165950e+05	1.652505e+02
6.309573e+05	1.659824e+02
6.456542e+05	1.666953e+02
6.606934e+05	1.673893e+02
6.760830e+05	1.680642e+02
6.918310e+05	1.687201e+02
7.079458e+05	1.693570e+02
7.244360e+05	1.699749e+02
7.413102e+05	1.705738e+02
7.585776e+05	1.711537e+02
7.762471e+05	1.717148e+02
7.943282e+05	1.722570e+02
8.128305e+05	1.727806e+02
8.317638e+05	1.732855e+02
8.511380e+05	1.737720e+02
8.709636e+05	1.742400e+02
8.912509e+05	1.746899e+02
9.120108e+05	1.751217e+02
9.332543e+05	1.755355e+02
9.549926e+05	1.759317e+02
9.772372e+05	1.763102e+02
1.000000e+06	1.766715e+02
