      Energy	InelasticMFP
        (eV)	        (nm)
2.041738e-02	4.369668e+03
2.089296e-02	2.832914e+03
2.137962e-02	2.208028e+03
2.187762e-02	1.853081e+03
2.238721e-02	1.619558e+03
2.290868e-02	1.452418e+03
2.344229e-02	1.326031e+03
2.398833e-02	1.226674e+03
2.454709e-02	1.146273e+03
2.511886e-02	1.079735e+03
2.570396e-02	1.023674e+03
2.630268e-02	9.757444e+02
2.691535e-02	9.342631e+02
2.754229e-02	8.979904e+02
2.818383e-02	8.659907e+02
2.884032e-02	8.375433e+02
2.951209e-02	8.120837e+02
3.019952e-02	7.891627e+02
3.090295e-02	7.684184e+02
3.162278e-02	7.495555e+02
3.235937e-02	7.323306e+02
3.311311e-02	7.165409e+02
3.388442e-02	7.020164e+02
3.467369e-02	6.886133e+02
3.548134e-02	6.762088e+02
3.630781e-02	6.646978e+02
3.715352e-02	6.539894e+02
3.801894e-02	6.440050e+02
3.890451e-02	6.346759e+02
3.981072e-02	6.259417e+02
4.073803e-02	6.177496e+02
4.168694e-02	6.100527e+02
4.265795e-02	6.028093e+02
4.365158e-02	5.959826e+02
4.466836e-02	5.895393e+02
4.570882e-02	5.834498e+02
4.677351e-02	5.776874e+02
4.786301e-02	5.722281e+02
4.897788e-02	5.670500e+02
5.011872e-02	5.621336e+02
5.128614e-02	5.574607e+02
5.248075e-02	5.530152e+02
5.370318e-02	5.487819e+02
5.495409e-02	5.447475e+02
5.623413e-02	5.408992e+02
5.754399e-02	5.372256e+02
5.888437e-02	5.337161e+02
6.025596e-02	5.303610e+02
6.165950e-02	5.271514e+02
6.309573e-02	5.240787e+02
6.456542e-02	5.208758e+02
6.606934e-02	5.173121e+02
6.760830e-02	5.131723e+02
6.918310e-02	5.082323e+02
7.079458e-02	5.022546e+02
7.244360e-02	4.949893e+02
7.413102e-02	4.861796e+02
7.585776e-02	4.755722e+02
7.762471e-02	4.629323e+02
7.943282e-02	4.480646e+02
8.128305e-02	4.310211e+02
8.317638e-02	4.129726e+02
8.511380e-02	3.944944e+02
8.709636e-02	3.759867e+02
8.912509e-02	3.577373e+02
9.120108e-02	3.399510e+02
9.332543e-02	3.227692e+02
9.549926e-02	3.062839e+02
9.772372e-02	2.845979e+02
1.000000e-01	2.563761e+02
1.023293e-01	2.294429e+02
1.047129e-01	2.058255e+02
1.071519e-01	1.857312e+02
1.096478e-01	1.691958e+02
1.122018e-01	1.556053e+02
1.148154e-01	1.431478e+02
1.174898e-01	1.311280e+02
1.202264e-01	1.161952e+02
1.230269e-01	8.685193e+01
1.258925e-01	6.179952e+01
1.288250e-01	4.882492e+01
1.318257e-01	4.178845e+01
1.348963e-01	3.725676e+01
1.380384e-01	3.405485e+01
1.412538e-01	3.167061e+01
1.445440e-01	2.978064e+01
1.479108e-01	2.820291e+01
1.513561e-01	2.686636e+01
1.548817e-01	2.571227e+01
1.584893e-01	2.469799e+01
1.621810e-01	2.379191e+01
1.659587e-01	2.297004e+01
1.698244e-01	2.221375e+01
1.737801e-01	2.150831e+01
1.778279e-01	2.084183e+01
1.819701e-01	2.018812e+01
1.862087e-01	1.951041e+01
1.905461e-01	1.877779e+01
1.949845e-01	1.796048e+01
1.995262e-01	1.703107e+01
2.041738e-01	1.596793e+01
2.089296e-01	1.465975e+01
2.137962e-01	1.301858e+01
2.187762e-01	1.104038e+01
2.238721e-01	8.207972e+00
2.290868e-01	4.937999e+00
2.344229e-01	3.684955e+00
2.398833e-01	3.100066e+00
2.454709e-01	2.743937e+00
2.511886e-01	2.497766e+00
2.570396e-01	2.316342e+00
2.630268e-01	2.177009e+00
2.691535e-01	2.066880e+00
2.754229e-01	1.977994e+00
2.818383e-01	1.905137e+00
2.884032e-01	1.844728e+00
2.951209e-01	1.794219e+00
3.019952e-01	1.751742e+00
3.090295e-01	1.715894e+00
3.162278e-01	1.685597e+00
3.235937e-01	1.660011e+00
3.311311e-01	1.638469e+00
3.388442e-01	1.620434e+00
3.467369e-01	1.605471e+00
3.548134e-01	1.593221e+00
3.630781e-01	1.583387e+00
3.715352e-01	1.575721e+00
3.801894e-01	1.570013e+00
3.890451e-01	1.566086e+00
3.981072e-01	1.563789e+00
4.073803e-01	1.562992e+00
4.168694e-01	1.563584e+00
4.265795e-01	1.565467e+00
4.365158e-01	1.568558e+00
4.466836e-01	1.572785e+00
4.570882e-01	1.578083e+00
4.677351e-01	1.584397e+00
4.786301e-01	1.591677e+00
4.897788e-01	1.599883e+00
5.011872e-01	1.608975e+00
5.128614e-01	1.618920e+00
5.248075e-01	1.629691e+00
5.370318e-01	1.641261e+00
5.495409e-01	1.653609e+00
5.623413e-01	1.666715e+00
5.754399e-01	1.680562e+00
5.888437e-01	1.695135e+00
6.025596e-01	1.710423e+00
6.165950e-01	1.726414e+00
6.309573e-01	1.743100e+00
6.456542e-01	1.760473e+00
6.606934e-01	1.778526e+00
6.760830e-01	1.797256e+00
6.918310e-01	1.816659e+00
7.079458e-01	1.836731e+00
7.244360e-01	1.857472e+00
7.413102e-01	1.878882e+00
7.585776e-01	1.900959e+00
7.762471e-01	1.923707e+00
7.943282e-01	1.947125e+00
8.128305e-01	1.971218e+00
8.317638e-01	1.995988e+00
8.511380e-01	2.021440e+00
8.709636e-01	2.047578e+00
8.912509e-01	2.074407e+00
9.120108e-01	2.101934e+00
9.332543e-01	2.130164e+00
9.549926e-01	2.159105e+00
9.772372e-01	2.188763e+00
1.000000e+00	2.219147e+00
1.011579e+00	2.234614e+00
1.023293e+00	2.250265e+00
1.035142e+00	2.266103e+00
1.047129e+00	2.282127e+00
1.059254e+00	2.298339e+00
1.071519e+00	2.314740e+00
1.083927e+00	2.331332e+00
1.096478e+00	2.348116e+00
1.109175e+00	2.365093e+00
1.122018e+00	2.382264e+00
1.135011e+00	2.399631e+00
1.148154e+00	2.417195e+00
1.161449e+00	2.434958e+00
1.174898e+00	2.452920e+00
1.188502e+00	2.471084e+00
1.202264e+00	2.489451e+00
1.216186e+00	2.508023e+00
1.230269e+00	2.526800e+00
1.244515e+00	2.545785e+00
1.258925e+00	2.564979e+00
1.273503e+00	2.584383e+00
1.288250e+00	2.604000e+00
1.303167e+00	2.623831e+00
1.318257e+00	2.643878e+00
1.333521e+00	2.664142e+00
1.348963e+00	2.684625e+00
1.364583e+00	2.705329e+00
1.380384e+00	2.726256e+00
1.396368e+00	2.747408e+00
1.412538e+00	2.768786e+00
1.428894e+00	2.790392e+00
1.445440e+00	2.812229e+00
1.462177e+00	2.834297e+00
1.479108e+00	2.856600e+00
1.496236e+00	2.879139e+00
1.513561e+00	2.901916e+00
1.531087e+00	2.924934e+00
1.548817e+00	2.948193e+00
1.566751e+00	2.971697e+00
1.584893e+00	2.995447e+00
1.603245e+00	3.019446e+00
1.621810e+00	3.043695e+00
1.640590e+00	3.068198e+00
1.659587e+00	3.092956e+00
1.678804e+00	3.117971e+00
1.698244e+00	3.143246e+00
1.717908e+00	3.168783e+00
1.737801e+00	3.194585e+00
1.757924e+00	3.220653e+00
1.778279e+00	3.246991e+00
1.798871e+00	3.273600e+00
1.819701e+00	3.300483e+00
1.840772e+00	3.327643e+00
1.862087e+00	3.355082e+00
1.883649e+00	3.382803e+00
1.905461e+00	3.410808e+00
1.927525e+00	3.439099e+00
1.949845e+00	3.467681e+00
1.972423e+00	3.496554e+00
1.995262e+00	3.525722e+00
2.018366e+00	3.555188e+00
2.041738e+00	3.584955e+00
2.065380e+00	3.615024e+00
2.089296e+00	3.645399e+00
2.113489e+00	3.676084e+00
2.137962e+00	3.707080e+00
2.162719e+00	3.738391e+00
2.187762e+00	3.770019e+00
2.213095e+00	3.801968e+00
2.238721e+00	3.834241e+00
2.264644e+00	3.866840e+00
2.290868e+00	3.899770e+00
2.317395e+00	3.933032e+00
2.344229e+00	3.966630e+00
2.371374e+00	4.000568e+00
2.398833e+00	4.034848e+00
2.426610e+00	4.069474e+00
2.454709e+00	4.104449e+00
2.483133e+00	4.139777e+00
2.511886e+00	4.175460e+00
2.540973e+00	4.211503e+00
2.570396e+00	4.247908e+00
2.600160e+00	4.284680e+00
2.630268e+00	4.321821e+00
2.660725e+00	4.359336e+00
2.691535e+00	4.397227e+00
2.722701e+00	4.435499e+00
2.754229e+00	4.474156e+00
2.786121e+00	4.513200e+00
2.818383e+00	4.552636e+00
2.851018e+00	4.592467e+00
2.884032e+00	4.632698e+00
2.917427e+00	4.673332e+00
2.951209e+00	4.714373e+00
2.985383e+00	4.755825e+00
3.019952e+00	4.797692e+00
3.054921e+00	4.839978e+00
3.090295e+00	4.882688e+00
3.126079e+00	4.925825e+00
3.162278e+00	4.969394e+00
3.198895e+00	5.013399e+00
3.235937e+00	5.057843e+00
3.273407e+00	5.102732e+00
3.311311e+00	5.148070e+00
3.349654e+00	5.193861e+00
3.388442e+00	5.240110e+00
3.427678e+00	5.286821e+00
3.467369e+00	5.333998e+00
3.507519e+00	5.381647e+00
3.548134e+00	5.429772e+00
3.589219e+00	5.478377e+00
3.630781e+00	5.527468e+00
3.672823e+00	5.577049e+00
3.715352e+00	5.627125e+00
3.758374e+00	5.677701e+00
3.801894e+00	5.728782e+00
3.845918e+00	5.780373e+00
3.890451e+00	5.832478e+00
3.935501e+00	5.885104e+00
3.981072e+00	5.938255e+00
4.027170e+00	5.991936e+00
4.073803e+00	6.046153e+00
4.120975e+00	6.100911e+00
4.168694e+00	6.156215e+00
4.216965e+00	6.212072e+00
4.265795e+00	6.268485e+00
4.315191e+00	6.325461e+00
4.365158e+00	6.383006e+00
4.415704e+00	6.441125e+00
4.466836e+00	6.499824e+00
4.518559e+00	6.559108e+00
4.570882e+00	6.618984e+00
4.623810e+00	6.679458e+00
4.677351e+00	6.740534e+00
4.731513e+00	6.802221e+00
4.786301e+00	6.864522e+00
4.841724e+00	6.927445e+00
4.897788e+00	6.990997e+00
4.954502e+00	7.055182e+00
5.011872e+00	7.120008e+00
5.069907e+00	7.185481e+00
5.128614e+00	7.251607e+00
5.188000e+00	7.318393e+00
5.248075e+00	7.385846e+00
5.308844e+00	7.453972e+00
5.370318e+00	7.522778e+00
5.432503e+00	7.592271e+00
5.495409e+00	7.662458e+00
5.559043e+00	7.733346e+00
5.623413e+00	7.804941e+00
5.688529e+00	7.877252e+00
5.754399e+00	7.950284e+00
5.821032e+00	8.024046e+00
5.888437e+00	8.098545e+00
5.956621e+00	8.173788e+00
6.025596e+00	8.249782e+00
6.095369e+00	8.326536e+00
6.165950e+00	8.404057e+00
6.237348e+00	8.482352e+00
6.309573e+00	8.561429e+00
6.382635e+00	8.641298e+00
6.456542e+00	8.721964e+00
6.531306e+00	8.803437e+00
6.606934e+00	8.885724e+00
6.683439e+00	8.968834e+00
6.760830e+00	9.052775e+00
6.839116e+00	9.137556e+00
6.918310e+00	9.223184e+00
6.998420e+00	9.309669e+00
7.079458e+00	9.397020e+00
7.161434e+00	9.485244e+00
7.244360e+00	9.574351e+00
7.328245e+00	9.664350e+00
7.413102e+00	9.755250e+00
7.498942e+00	9.847060e+00
7.585776e+00	9.939788e+00
7.673615e+00	1.003345e+01
7.762471e+00	1.012804e+01
7.852356e+00	1.022358e+01
7.943282e+00	1.032008e+01
8.035261e+00	1.041755e+01
8.128305e+00	1.051599e+01
8.222426e+00	1.061542e+01
8.317638e+00	1.071585e+01
8.413951e+00	1.081728e+01
8.511380e+00	1.091973e+01
8.609938e+00	1.102321e+01
8.709636e+00	1.112772e+01
8.810489e+00	1.123328e+01
8.912509e+00	1.133990e+01
9.015711e+00	1.144759e+01
9.120108e+00	1.155637e+01
9.225714e+00	1.166623e+01
9.332543e+00	1.177719e+01
9.440609e+00	1.188927e+01
9.549926e+00	1.200248e+01
9.660509e+00	1.211682e+01
9.772372e+00	1.223231e+01
9.885531e+00	1.234896e+01
1.000000e+01	1.246678e+01
1.011579e+01	1.258578e+01
1.023293e+01	1.270598e+01
1.035142e+01	1.282739e+01
1.047129e+01	1.295002e+01
1.059254e+01	1.307388e+01
1.071519e+01	1.319899e+01
1.083927e+01	1.332535e+01
1.096478e+01	1.345299e+01
1.109175e+01	1.358190e+01
1.122018e+01	1.371212e+01
1.135011e+01	1.384365e+01
1.148154e+01	1.397650e+01
1.161449e+01	1.411068e+01
1.174898e+01	1.424622e+01
1.188502e+01	1.438313e+01
1.202264e+01	1.452141e+01
1.216186e+01	1.466108e+01
1.230269e+01	1.480216e+01
1.244515e+01	1.494466e+01
1.258925e+01	1.508860e+01
1.273503e+01	1.523399e+01
1.288250e+01	1.538085e+01
1.303167e+01	1.552918e+01
1.318257e+01	1.567901e+01
1.333521e+01	1.583035e+01
1.348963e+01	1.598321e+01
1.364583e+01	1.613758e+01
1.380384e+01	1.629339e+01
1.396368e+01	1.645035e+01
1.412538e+01	1.660719e+01
1.428894e+01	1.676425e+01
1.445440e+01	1.692151e+01
1.462177e+01	1.707889e+01
1.479108e+01	1.723625e+01
1.496236e+01	1.739339e+01
1.513561e+01	1.755011e+01
1.531087e+01	1.770615e+01
1.548817e+01	1.786120e+01
1.566751e+01	1.801492e+01
1.584893e+01	1.816692e+01
1.603245e+01	1.831674e+01
1.621810e+01	1.846399e+01
1.640590e+01	1.860837e+01
1.659587e+01	1.874948e+01
1.678804e+01	1.888687e+01
1.698244e+01	1.902003e+01
1.717908e+01	1.914842e+01
1.737801e+01	1.927142e+01
1.757924e+01	1.938838e+01
1.778279e+01	1.949858e+01
1.798871e+01	1.960126e+01
1.819701e+01	1.969531e+01
1.840772e+01	1.977793e+01
1.862087e+01	1.984647e+01
1.883649e+01	1.989806e+01
1.905461e+01	1.992948e+01
1.927525e+01	1.993717e+01
1.949845e+01	1.991717e+01
1.972423e+01	1.986512e+01
1.995262e+01	1.977631e+01
2.018366e+01	1.964572e+01
2.041738e+01	1.947709e+01
2.065380e+01	1.927167e+01
2.089296e+01	1.903037e+01
2.113489e+01	1.875414e+01
2.137962e+01	1.844411e+01
2.162719e+01	1.810166e+01
2.187762e+01	1.772844e+01
2.213095e+01	1.732637e+01
2.238721e+01	1.690045e+01
2.264644e+01	1.645559e+01
2.290868e+01	1.599583e+01
2.317395e+01	1.552477e+01
2.344229e+01	1.504571e+01
2.371374e+01	1.456169e+01
2.398833e+01	1.407543e+01
2.426610e+01	1.358970e+01
2.454709e+01	1.310820e+01
2.483133e+01	1.263345e+01
2.511886e+01	1.216742e+01
2.540973e+01	1.171165e+01
2.570396e+01	1.126730e+01
2.600160e+01	1.083528e+01
2.630268e+01	1.041626e+01
2.660725e+01	1.001083e+01
2.691535e+01	9.619328e+00
2.722701e+01	9.241870e+00
2.754229e+01	8.878450e+00
2.786121e+01	8.528946e+00
2.818383e+01	8.193147e+00
2.851018e+01	7.870709e+00
2.884032e+01	7.561257e+00
2.917427e+01	7.264405e+00
2.951209e+01	6.979751e+00
2.985383e+01	6.706879e+00
3.019952e+01	6.445368e+00
3.054921e+01	6.194791e+00
3.090295e+01	5.954725e+00
3.126079e+01	5.724748e+00
3.162278e+01	5.504447e+00
3.198895e+01	5.293417e+00
3.235937e+01	5.091244e+00
3.273407e+01	4.897459e+00
3.311311e+01	4.711657e+00
3.349654e+01	4.533468e+00
3.388442e+01	4.362544e+00
3.427678e+01	4.198558e+00
3.467369e+01	4.041199e+00
3.507519e+01	3.890172e+00
3.548134e+01	3.745199e+00
3.589219e+01	3.606014e+00
3.630781e+01	3.472364e+00
3.672823e+01	3.344129e+00
3.715352e+01	3.221133e+00
3.758374e+01	3.103177e+00
3.801894e+01	2.990062e+00
3.845918e+01	2.881585e+00
3.890451e+01	2.777550e+00
3.935501e+01	2.677765e+00
3.981072e+01	2.582042e+00
4.027170e+01	2.490202e+00
4.073803e+01	2.402024e+00
4.120975e+01	2.317314e+00
4.168694e+01	2.235900e+00
4.216965e+01	2.157625e+00
4.265795e+01	2.082344e+00
4.315191e+01	2.009920e+00
4.365158e+01	1.940226e+00
4.415704e+01	1.873142e+00
4.466836e+01	1.808600e+00
4.518559e+01	1.746546e+00
4.570882e+01	1.686904e+00
4.623810e+01	1.629586e+00
4.677351e+01	1.574505e+00
4.731513e+01	1.521571e+00
4.786301e+01	1.470698e+00
4.841724e+01	1.421798e+00
4.897788e+01	1.375040e+00
4.954502e+01	1.330443e+00
5.011872e+01	1.287969e+00
5.069907e+01	1.247406e+00
5.128614e+01	1.208708e+00
5.188000e+01	1.171819e+00
5.248075e+01	1.136672e+00
5.308844e+01	1.103267e+00
5.370318e+01	1.071555e+00
5.432503e+01	1.041468e+00
5.495409e+01	1.012935e+00
5.559043e+01	9.858782e-01
5.623413e+01	9.602225e-01
5.688529e+01	9.358931e-01
5.754399e+01	9.128169e-01
5.821032e+01	8.909240e-01
5.888437e+01	8.701472e-01
5.956621e+01	8.504227e-01
6.025596e+01	8.316900e-01
6.095369e+01	8.138981e-01
6.165950e+01	7.969996e-01
6.237348e+01	7.809465e-01
6.309573e+01	7.656925e-01
6.382635e+01	7.511935e-01
6.456542e+01	7.374076e-01
6.531306e+01	7.242955e-01
6.606934e+01	7.118201e-01
6.683439e+01	6.999465e-01
6.760830e+01	6.886421e-01
6.839116e+01	6.778760e-01
6.918310e+01	6.676197e-01
6.998420e+01	6.578460e-01
7.079458e+01	6.485310e-01
7.161434e+01	6.396560e-01
7.244360e+01	6.312012e-01
7.328245e+01	6.231472e-01
7.413102e+01	6.154750e-01
7.498942e+01	6.081669e-01
7.585776e+01	6.012058e-01
7.673615e+01	5.945746e-01
7.762471e+01	5.882568e-01
7.852356e+01	5.822373e-01
7.943282e+01	5.765014e-01
8.035261e+01	5.710354e-01
8.128305e+01	5.658270e-01
8.222426e+01	5.608655e-01
8.317638e+01	5.561405e-01
8.413951e+01	5.516425e-01
8.511380e+01	5.473620e-01
8.609938e+01	5.432905e-01
8.709636e+01	5.394196e-01
8.810489e+01	5.357414e-01
8.912509e+01	5.322486e-01
9.015711e+01	5.289340e-01
9.120108e+01	5.257913e-01
9.225714e+01	5.228147e-01
9.332543e+01	5.199984e-01
9.440609e+01	5.173365e-01
9.549926e+01	5.148235e-01
9.660509e+01	5.124543e-01
9.772372e+01	5.102238e-01
9.885531e+01	5.081273e-01
1.000000e+02	5.061602e-01
1.023293e+02	5.031757e-01
1.047129e+02	5.010152e-01
1.071519e+02	4.995143e-01
1.096478e+02	4.985813e-01
1.122018e+02	4.981513e-01
1.148154e+02	4.981745e-01
1.174898e+02	4.986109e-01
1.202264e+02	4.994276e-01
1.230269e+02	5.005973e-01
1.258925e+02	5.020966e-01
1.288250e+02	5.039059e-01
1.318257e+02	5.060089e-01
1.348963e+02	5.083914e-01
1.380384e+02	5.110411e-01
1.412538e+02	5.139475e-01
1.445440e+02	5.171013e-01
1.479108e+02	5.204944e-01
1.513561e+02	5.241198e-01
1.548817e+02	5.279713e-01
1.584893e+02	5.320438e-01
1.621810e+02	5.363326e-01
1.659587e+02	5.408337e-01
1.698244e+02	5.455438e-01
1.737801e+02	5.504601e-01
1.778279e+02	5.555802e-01
1.819701e+02	5.609021e-01
1.862087e+02	5.664243e-01
1.905461e+02	5.721455e-01
1.949845e+02	5.780649e-01
1.995262e+02	5.841820e-01
2.041738e+02	5.904963e-01
2.089296e+02	5.970080e-01
2.137962e+02	6.037171e-01
2.187762e+02	6.106242e-01
2.238721e+02	6.177299e-01
2.290868e+02	6.250351e-01
2.344229e+02	6.325408e-01
2.398833e+02	6.402482e-01
2.454709e+02	6.481588e-01
2.511886e+02	6.562741e-01
2.570396e+02	6.645959e-01
2.630268e+02	6.731262e-01
2.691535e+02	6.818670e-01
2.754229e+02	6.908207e-01
2.818383e+02	6.999895e-01
2.884032e+02	7.093762e-01
2.951209e+02	7.189832e-01
3.019952e+02	7.288133e-01
3.090295e+02	7.388695e-01
3.162278e+02	7.491548e-01
3.235937e+02	7.596723e-01
3.311311e+02	7.704252e-01
3.388442e+02	7.814171e-01
3.467369e+02	7.926513e-01
3.548134e+02	8.041315e-01
3.630781e+02	8.158615e-01
3.715352e+02	8.278451e-01
3.801894e+02	8.400862e-01
3.890451e+02	8.525890e-01
3.981072e+02	8.653577e-01
4.073803e+02	8.783966e-01
4.168694e+02	8.917102e-01
4.265795e+02	9.053030e-01
4.365158e+02	9.191798e-01
4.466836e+02	9.333453e-01
4.570882e+02	9.478045e-01
4.677351e+02	9.625625e-01
4.786301e+02	9.776244e-01
4.897788e+02	9.929956e-01
5.011872e+02	1.008681e+00
5.128614e+02	1.024688e+00
5.248075e+02	1.041020e+00
5.370318e+02	1.057684e+00
5.495409e+02	1.074686e+00
5.623413e+02	1.092029e+00
5.754399e+02	1.109720e+00
5.888437e+02	1.127765e+00
6.025596e+02	1.146171e+00
6.165950e+02	1.164945e+00
6.309573e+02	1.184093e+00
6.456542e+02	1.203622e+00
6.606934e+02	1.223541e+00
6.760830e+02	1.243855e+00
6.918310e+02	1.264572e+00
7.079458e+02	1.285701e+00
7.244360e+02	1.307249e+00
7.413102e+02	1.329223e+00
7.585776e+02	1.351633e+00
7.762471e+02	1.374485e+00
7.943282e+02	1.397789e+00
8.128305e+02	1.421554e+00
8.317638e+02	1.445787e+00
8.511380e+02	1.470499e+00
8.709636e+02	1.495698e+00
8.912509e+02	1.521394e+00
9.120108e+02	1.547596e+00
9.332543e+02	1.574313e+00
9.549926e+02	1.601557e+00
9.772372e+02	1.629336e+00
1.000000e+03	1.657662e+00
1.023293e+03	1.686545e+00
1.047129e+03	1.715996e+00
1.071519e+03	1.746025e+00
1.096478e+03	1.776644e+00
1.122018e+03	1.807864e+00
1.148154e+03	1.839698e+00
1.174898e+03	1.872156e+00
1.202264e+03	1.905251e+00
1.230269e+03	1.938996e+00
1.258925e+03	1.973403e+00
1.288250e+03	2.008485e+00
1.318257e+03	2.044255e+00
1.348963e+03	2.080726e+00
1.380384e+03	2.117913e+00
1.412538e+03	2.155828e+00
1.445440e+03	2.194487e+00
1.479108e+03	2.233904e+00
1.513561e+03	2.274093e+00
1.548817e+03	2.315071e+00
1.584893e+03	2.356851e+00
1.621810e+03	2.399449e+00
1.659587e+03	2.442881e+00
1.698244e+03	2.487163e+00
1.737801e+03	2.532312e+00
1.778279e+03	2.578344e+00
1.819701e+03	2.625278e+00
1.862087e+03	2.673131e+00
1.905461e+03	2.721920e+00
1.949845e+03	2.771664e+00
1.995262e+03	2.822382e+00
2.041738e+03	2.874092e+00
2.089296e+03	2.926815e+00
2.137962e+03	2.980569e+00
2.187762e+03	3.035376e+00
2.238721e+03	3.091255e+00
2.290868e+03	3.148228e+00
2.344229e+03	3.206315e+00
2.398833e+03	3.265540e+00
2.454709e+03	3.325923e+00
2.511886e+03	3.387487e+00
2.570396e+03	3.450256e+00
2.630268e+03	3.514253e+00
2.691535e+03	3.579502e+00
2.754229e+03	3.646027e+00
2.818383e+03	3.713853e+00
2.884032e+03	3.783005e+00
2.951209e+03	3.853510e+00
3.019952e+03	3.925393e+00
3.090295e+03	3.998681e+00
3.162278e+03	4.073401e+00
3.235937e+03	4.149581e+00
3.311311e+03	4.227250e+00
3.388442e+03	4.306436e+00
3.467369e+03	4.387169e+00
3.548134e+03	4.469478e+00
3.630781e+03	4.553393e+00
3.715352e+03	4.638947e+00
3.801894e+03	4.726170e+00
3.890451e+03	4.815095e+00
3.981072e+03	4.905753e+00
4.073803e+03	4.998180e+00
4.168694e+03	5.092408e+00
4.265795e+03	5.188472e+00
4.365158e+03	5.286407e+00
4.466836e+03	5.386248e+00
4.570882e+03	5.488034e+00
4.677351e+03	5.591799e+00
4.786301e+03	5.697583e+00
4.897788e+03	5.805424e+00
5.011872e+03	5.915360e+00
5.128614e+03	6.027431e+00
5.248075e+03	6.141678e+00
5.370318e+03	6.258142e+00
5.495409e+03	6.376864e+00
5.623413e+03	6.497888e+00
5.754399e+03	6.621257e+00
5.888437e+03	6.747014e+00
6.025596e+03	6.875205e+00
6.165950e+03	7.005874e+00
6.309573e+03	7.139069e+00
6.456542e+03	7.274836e+00
6.606934e+03	7.413223e+00
6.760830e+03	7.554279e+00
6.918310e+03	7.698052e+00
7.079458e+03	7.844594e+00
7.244360e+03	7.993956e+00
7.413102e+03	8.146188e+00
7.585776e+03	8.301345e+00
7.762471e+03	8.459478e+00
7.943282e+03	8.620643e+00
8.128305e+03	8.784895e+00
8.317638e+03	8.952290e+00
8.511380e+03	9.122884e+00
8.709636e+03	9.296735e+00
8.912509e+03	9.473903e+00
9.120108e+03	9.654445e+00
9.332543e+03	9.838423e+00
9.549926e+03	1.002590e+01
9.772372e+03	1.021693e+01
1.000000e+04	1.041159e+01
1.023293e+04	1.060993e+01
1.047129e+04	1.081202e+01
1.071519e+04	1.101792e+01
1.096478e+04	1.122771e+01
1.122018e+04	1.144145e+01
1.148154e+04	1.165921e+01
1.174898e+04	1.188105e+01
1.202264e+04	1.210705e+01
1.230269e+04	1.233727e+01
1.258925e+04	1.257180e+01
1.288250e+04	1.281069e+01
1.318257e+04	1.305403e+01
1.348963e+04	1.330189e+01
1.380384e+04	1.355435e+01
1.412538e+04	1.381147e+01
1.445440e+04	1.407334e+01
1.479108e+04	1.434003e+01
1.513561e+04	1.461163e+01
1.548817e+04	1.488821e+01
1.584893e+04	1.516985e+01
1.621810e+04	1.545662e+01
1.659587e+04	1.574863e+01
1.698244e+04	1.604593e+01
1.737801e+04	1.634862e+01
1.778279e+04	1.665679e+01
1.819701e+04	1.697050e+01
1.862087e+04	1.728986e+01
1.905461e+04	1.761493e+01
1.949845e+04	1.794582e+01
1.995262e+04	1.828260e+01
2.041738e+04	1.862536e+01
2.089296e+04	1.897419e+01
2.137962e+04	1.932917e+01
2.187762e+04	1.969039e+01
2.238721e+04	2.005795e+01
2.290868e+04	2.043192e+01
2.344229e+04	2.081239e+01
2.398833e+04	2.119947e+01
2.454709e+04	2.159322e+01
2.511886e+04	2.199374e+01
2.570396e+04	2.240113e+01
2.630268e+04	2.281546e+01
2.691535e+04	2.323683e+01
2.754229e+04	2.366532e+01
2.818383e+04	2.410102e+01
2.884032e+04	2.454402e+01
2.951209e+04	2.499440e+01
3.019952e+04	2.545226e+01
3.090295e+04	2.591767e+01
3.162278e+04	2.639072e+01
3.235937e+04	2.687149e+01
3.311311e+04	2.736008e+01
3.388442e+04	2.785655e+01
3.467369e+04	2.836099e+01
3.548134e+04	2.887348e+01
3.630781e+04	2.939410e+01
3.715352e+04	2.992292e+01
3.801894e+04	3.046003e+01
3.890451e+04	3.100548e+01
3.981072e+04	3.155936e+01
4.073803e+04	3.212174e+01
4.168694e+04	3.269267e+01
4.265795e+04	3.327224e+01
4.365158e+04	3.386049e+01
4.466836e+04	3.445749e+01
4.570882e+04	3.506330e+01
4.677351e+04	3.567798e+01
4.786301e+04	3.630157e+01
4.897788e+04	3.693412e+01
5.011872e+04	3.757568e+01
5.128614e+04	3.822630e+01
5.248075e+04	3.888600e+01
5.370318e+04	3.955483e+01
5.495409e+04	4.023282e+01
5.623413e+04	4.091999e+01
5.754399e+04	4.161636e+01
5.888437e+04	4.232196e+01
6.025596e+04	4.303679e+01
6.165950e+04	4.376087e+01
6.309573e+04	4.449420e+01
6.456542e+04	4.523677e+01
6.606934e+04	4.598858e+01
6.760830e+04	4.674962e+01
6.918310e+04	4.751987e+01
7.079458e+04	4.829930e+01
7.244360e+04	4.908789e+01
7.413102e+04	4.988559e+01
7.585776e+04	5.069237e+01
7.762471e+04	5.150816e+01
7.943282e+04	5.233293e+01
8.128305e+04	5.316660e+01
8.317638e+04	5.400910e+01
8.511380e+04	5.486035e+01
8.709636e+04	5.572028e+01
8.912509e+04	5.658877e+01
9.120108e+04	5.746574e+01
9.332543e+04	5.835108e+01
9.549926e+04	5.924466e+01
9.772372e+04	6.014636e+01
1.000000e+05	6.105605e+01
1.023293e+05	6.197358e+01
1.047129e+05	6.289880e+01
1.071519e+05	6.383156e+01
1.096478e+05	6.477169e+01
1.122018e+05	6.571900e+01
1.148154e+05	6.667332e+01
1.174898e+05	6.763444e+01
1.202264e+05	6.860217e+01
1.230269e+05	6.957629e+01
1.258925e+05	7.055657e+01
1.288250e+05	7.154279e+01
1.318257e+05	7.253471e+01
1.348963e+05	7.353208e+01
1.380384e+05	7.453464e+01
1.412538e+05	7.554212e+01
1.445440e+05	7.655424e+01
1.479108e+05	7.757074e+01
1.513561e+05	7.859130e+01
1.548817e+05	7.961564e+01
1.584893e+05	8.064343e+01
1.621810e+05	8.167437e+01
1.659587e+05	8.270813e+01
1.698244e+05	8.374438e+01
1.737801e+05	8.478277e+01
1.778279e+05	8.582297e+01
1.819701e+05	8.686461e+01
1.862087e+05	8.790733e+01
1.905461e+05	8.895078e+01
1.949845e+05	8.999457e+01
1.995262e+05	9.103833e+01
2.041738e+05	9.208167e+01
2.089296e+05	9.312421e+01
2.137962e+05	9.416556e+01
2.187762e+05	9.520532e+01
2.238721e+05	9.624309e+01
2.290868e+05	9.727846e+01
2.344229e+05	9.831104e+01
2.398833e+05	9.934041e+01
2.454709e+05	1.003662e+02
2.511886e+05	1.013879e+02
2.570396e+05	1.024052e+02
2.630268e+05	1.034177e+02
2.691535e+05	1.044249e+02
2.754229e+05	1.054264e+02
2.818383e+05	1.064219e+02
2.884032e+05	1.074109e+02
2.951209e+05	1.083930e+02
3.019952e+05	1.093678e+02
3.090295e+05	1.103350e+02
3.162278e+05	1.112941e+02
3.235937e+05	1.122448e+02
3.311311e+05	1.131867e+02
3.388442e+05	1.141193e+02
3.467369e+05	1.150424e+02
3.548134e+05	1.159556e+02
3.630781e+05	1.168585e+02
3.715352e+05	1.177508e+02
3.801894e+05	1.186321e+02
3.890451e+05	1.195021e+02
3.981072e+05	1.203606e+02
4.073803e+05	1.212071e+02
4.168694e+05	1.220415e+02
4.265795e+05	1.228633e+02
4.365158e+05	1.236725e+02
4.466836e+05	1.244686e+02
4.570882e+05	1.252514e+02
4.677351e+05	1.260207e+02
4.786301e+05	1.267763e+02
4.897788e+05	1.275180e+02
5.011872e+05	1.282455e+02
5.128614e+05	1.289587e+02
5.248075e+05	1.296574e+02
5.370318e+05	1.303415e+02
5.495409e+05	1.310108e+02
5.623413e+05	1.316651e+02
5.754399e+05	1.323044e+02
5.888437e+05	1.329285e+02
6.025596e+05	1.335374e+02
6.165950e+05	1.341309e+02
6.309573e+05	1.347091e+02
6.456542e+05	1.352719e+02
6.606934e+05	1.358192e+02
6.760830e+05	1.363510e+02
6.918310e+05	1.368673e+02
7.079458e+05	1.373681e+02
7.244360e+05	1.378535e+02
7.413102e+05	1.383234e+02
7.585776e+05	1.387779e+02
7.762471e+05	1.392171e+02
7.943282e+05	1.396410e+02
8.128305e+05	1.400497e+02
8.317638e+05	1.404432e+02
8.511380e+05	1.408218e+02
8.709636e+05	1.411854e+02
8.912509e+05	1.415343e+02
9.120108e+05	1.418685e+02
9.332543e+05	1.421882e+02
9.549926e+05	1.424935e+02
9.772372e+05	1.427846e+02
1.000000e+06	1.430616e+02
